66 8
66 4
66 6
66 1
66 15
66 10
66 1
66 1
66 15
66 15
66 13
66 10
66 25
66 1
66 1
66 1
66 2
66 3
66 15
66 16
66 25
66 27
66 2
66 1
66 1
66 1
66 2
66 11
66 22
66 32
66 2
66 21
66 9
66 21
66 13
66 2
66 1
66 1
66 2
66 5
35 1
35 1
35 1
35 1
35 1
35 2
35 1
35 1
35 4
35 2
35 15
35 16
35 1
35 1
35 16
35 8
35 1
35 2
35 2
35 1
35 1
35 1
35 1
35 1
35 1
35 1
35 2
35 1
35 1
35 4
35 2
35 15
35 16
35 1
35 1
35 16
35 8
35 1
35 2
35 2
35 1
35 1
5 2
5 1
5 2
5 2
5 2
5 2
1 1
2 1
2 1
3 1
3 1
3 1
4 1
4 1
4 3
4 1
5 1
5 1
5 1
5 3
6 1
6 1
6 1
6 3
7 1
7 1
7 1
7 3
7 1
7 3
7 1
7 3
7 1
7 1
7 1
7 3
8 1
8 1
8 4
8 4
8 2
8 2
9 1
9 1
9 4
9 5
9 3
9 2
9 5
10 1
10 1
10 4
10 5
10 3
10 2
10 5
10 4
11 1
11 1
11 4
11 5
11 3
11 2
11 5
11 2
11 5
12 1
12 1
12 4
12 5
12 3
12 2
12 5
12 2
12 4
13 1
13 1
13 5
13 5
13 3
13 3
13 5
13 3
13 4
14 1
14 1
14 6
14 5
14 3
14 4
14 5
14 3
14 4
14 3
15 1
15 1
15 5
15 5
15 3
15 3
15 6
15 5
15 3
15 4
15 4
15 3
15 1
15 1
15 5
15 5
15 3
15 3
15 6
15 5
15 3
15 4
15 4
15 3
16 3
15 1
15 1
15 5
15 5
15 3
15 3
15 6
16 3
15 5
15 3
15 4
15 4
15 3
16 1
7 1
7 3
7 3
8 3
7 1
7 1
7 1
8 3
0 0
0 0
117 29
116 51
116 51
116 6
116 54
116 1
116 52
116 51
116 51
116 1
116 52
116 3
116 3
116 3
116 54
117 57
116 1
116 55
116 2
116 4
116 1
116 55
116 3
116 55
116 4
116 1
116 3
116 56
116 4
116 6
116 1
116 3
116 4
116 1
116 3
116 4
116 1
116 51
116 54
116 2
116 1
116 56
116 1
116 1
116 1
116 1
116 2
116 4
116 5
116 20
116 35
116 50
116 50
116 4
116 33
116 54
116 1
116 1
116 1
116 1
116 2
116 2
116 53
116 51
116 54
116 20
116 7
117 29
116 51
116 51
116 6
116 54
116 1
116 52
116 51
116 51
116 1
116 52
116 3
116 3
116 3
116 54
117 57
116 1
116 55
116 2
116 4
116 1
116 55
116 3
116 55
116 4
116 1
116 3
116 56
116 4
116 6
116 1
116 3
116 4
116 1
116 3
116 4
116 1
116 51
116 54
116 2
116 1
116 56
116 1
116 1
116 1
116 1
116 2
116 4
116 5
116 20
116 35
116 50
116 50
116 4
116 33
116 54
116 1
116 1
116 1
116 1
116 2
116 2
116 53
116 51
116 54
116 20
116 7
117 29
116 51
116 51
116 6
116 54
116 1
116 52
116 51
116 54
116 51
116 1
116 52
116 3
116 3
116 3
116 1
116 55
116 2
116 4
116 1
116 55
116 3
116 55
116 4
116 1
116 3
116 56
116 4
116 6
116 1
116 3
116 4
116 1
116 3
116 4
116 1
116 51
116 54
116 2
116 1
116 56
116 1
116 1
116 1
116 1
116 2
116 4
116 5
116 20
116 35
116 50
116 50
116 4
116 33
116 54
117 57
116 1
116 1
116 1
116 1
116 2
116 2
116 53
116 51
116 54
116 20
116 7
116 51
116 51
116 6
116 54
116 1
116 52
116 51
116 54
116 51
116 1
116 52
116 3
116 3
116 3
116 1
116 55
116 2
116 4
116 1
116 55
116 3
116 55
116 4
116 1
116 3
116 56
116 4
116 6
116 1
116 3
116 4
116 1
116 3
116 4
116 1
116 51
116 54
116 2
116 1
116 56
116 1
116 1
116 1
116 1
116 2
116 4
116 5
116 20
116 35
116 50
116 50
116 4
116 33
116 54
117 57
116 1
116 1
116 1
116 1
116 2
116 2
116 53
116 51
116 54
116 20
116 7
117 57
135 45
135 58
135 6
135 58
135 1
135 41
135 49
135 59
135 58
135 1
135 39
135 3
135 3
135 3
135 1
135 63
135 2
135 4
135 1
135 16
135 3
135 57
135 4
135 39
135 40
135 3
135 60
135 4
135 6
135 1
135 3
135 4
135 1
135 56
135 3
135 28
135 27
135 4
135 44
135 1
135 1
135 54
135 56
135 2
135 1
135 62
135 1
135 1
135 1
135 1
135 2
135 4
135 5
135 14
135 26
135 47
135 14
135 38
135 11
135 7
135 37
135 36
135 45
136 62
135 1
135 1
135 1
135 1
135 2
135 2
135 43
135 40
135 50
135 24
135 50
135 4
135 26
135 36
135 27
135 37
136 65
135 45
135 58
135 6
135 58
135 1
135 41
135 49
135 59
135 58
135 1
135 39
135 3
135 3
135 3
135 1
135 63
135 2
135 4
135 1
135 16
135 3
135 57
135 4
135 39
135 40
135 3
135 60
135 4
135 6
135 1
135 3
135 4
135 1
135 56
135 3
135 28
135 27
135 4
135 44
135 1
135 1
135 54
135 56
135 2
135 1
135 62
135 1
135 1
135 1
135 1
135 2
135 4
135 5
135 14
135 26
135 47
135 14
135 38
135 11
135 7
135 37
135 36
135 45
136 62
135 1
135 1
135 1
135 1
135 2
135 2
135 43
135 40
135 50
135 24
135 50
135 4
135 26
135 36
135 27
135 37
136 65
135 45
135 58
135 6
135 58
135 1
135 41
135 49
135 59
135 58
135 1
135 39
135 3
135 3
135 3
135 1
135 63
135 2
135 4
135 1
135 16
135 3
135 57
135 4
135 39
135 40
135 3
135 60
135 4
135 6
135 1
135 3
135 4
135 1
135 56
135 3
135 28
135 27
135 4
135 44
135 1
135 1
135 54
135 56
135 2
135 1
135 62
135 1
135 1
135 1
135 1
135 2
135 4
135 5
135 14
135 26
135 47
135 14
135 38
135 11
135 7
135 37
135 36
135 45
136 62
135 1
135 1
135 1
135 1
135 2
135 2
135 43
135 40
135 50
135 24
135 50
135 4
135 26
135 36
135 27
135 37
136 65
135 45
135 58
135 6
135 58
135 1
135 41
135 49
135 59
135 58
135 1
135 39
135 3
135 3
135 3
135 1
135 63
135 2
135 4
135 1
135 16
135 3
135 57
135 4
135 39
135 40
135 3
135 60
135 4
135 6
135 1
135 3
135 4
135 1
135 56
135 3
135 28
135 27
135 4
135 44
135 1
135 1
135 54
135 56
135 2
135 1
135 62
135 1
135 1
135 1
135 1
135 2
135 4
135 5
135 14
135 26
135 47
135 14
135 38
135 11
135 7
135 37
135 36
135 45
136 62
135 1
135 1
135 1
135 1
135 2
135 2
135 43
135 40
135 50
135 24
135 50
135 4
135 26
135 36
135 27
135 37
136 65
135 45
135 58
135 6
135 58
135 1
135 41
135 49
135 59
135 58
135 1
135 39
135 3
135 3
135 3
135 1
135 63
135 2
135 4
135 1
135 16
135 3
135 57
135 4
135 39
135 40
135 3
135 60
135 4
135 6
135 1
135 3
135 4
135 1
135 56
135 3
135 28
135 27
135 4
135 44
135 1
135 1
135 54
135 56
135 2
135 1
135 62
135 1
135 1
135 1
135 1
135 2
135 4
135 5
135 14
135 26
135 47
135 14
135 38
135 11
135 7
135 37
135 36
135 45
136 62
135 1
135 1
135 1
135 1
135 2
135 2
135 43
135 40
135 50
135 24
135 50
135 4
135 26
135 36
135 27
135 37
136 65
133 45
133 58
133 6
133 58
133 1
133 41
133 49
133 59
133 58
133 1
133 39
133 3
133 3
133 3
133 1
133 63
133 2
133 4
133 1
133 14
133 3
133 53
133 4
133 39
133 40
133 3
133 58
133 4
133 6
133 1
133 3
133 4
133 1
133 52
133 3
133 28
133 27
133 4
133 44
133 1
133 1
133 52
133 56
133 2
133 1
133 62
133 1
133 1
133 1
133 1
133 2
133 4
133 5
133 14
133 16
133 46
133 50
133 9
133 7
133 37
133 36
133 45
134 61
133 1
133 1
133 1
133 1
133 2
133 2
133 31
133 35
133 45
133 4
133 25
133 36
133 27
133 35
134 65
163 42
163 48
163 6
163 44
163 1
163 34
163 45
163 47
163 1
163 33
163 46
163 3
163 43
163 27
163 1
163 53
163 2
163 4
163 1
163 13
163 3
163 58
163 4
163 25
163 3
163 3
163 29
163 62
163 4
163 6
163 1
163 3
163 4
163 1
163 55
163 3
163 23
163 22
163 4
163 29
163 1
163 42
163 36
163 28
163 3
163 27
163 27
163 54
163 2
163 1
163 53
163 1
163 1
163 1
163 1
163 2
163 4
163 5
163 14
163 17
163 41
163 53
163 9
163 7
163 31
163 30
163 32
163 32
163 1
164 48
163 44
163 53
163 33
163 28
163 27
163 27
163 27
163 1
163 1
163 1
163 1
163 2
163 2
163 27
163 31
163 39
163 4
163 20
163 32
163 23
163 32
163 36
163 34
163 25
163 33
164 47
163 42
163 48
163 6
163 44
163 1
163 34
163 45
163 47
163 1
163 33
163 46
163 3
163 43
163 27
163 1
163 53
163 2
163 4
163 1
163 13
163 3
163 58
163 4
163 25
163 3
163 3
163 29
163 62
163 4
163 6
163 1
163 3
163 4
163 1
163 55
163 3
163 23
163 22
163 4
163 29
163 1
163 42
163 36
163 28
163 3
163 27
163 27
163 54
163 2
163 1
163 53
163 1
163 1
163 1
163 1
163 2
163 4
163 5
163 14
163 17
163 41
163 53
163 9
163 7
163 31
163 30
163 32
163 32
163 1
164 48
163 44
163 53
163 33
163 28
163 27
163 27
163 27
163 1
163 1
163 1
163 1
163 2
163 2
163 27
163 31
163 39
163 4
163 20
163 32
163 23
163 32
163 36
163 34
163 25
163 33
164 47
163 42
163 48
163 6
163 44
163 1
163 34
163 45
163 47
163 1
163 33
163 46
163 3
163 43
163 27
163 1
163 53
163 2
163 4
163 1
163 13
163 3
163 58
163 4
163 25
163 3
163 3
163 29
163 62
163 4
163 6
163 1
163 3
163 4
163 1
163 55
163 3
163 23
163 22
163 4
163 29
163 1
163 42
163 36
163 28
163 3
163 27
163 27
163 54
163 2
163 1
163 53
163 1
163 1
163 1
163 1
163 2
163 4
163 5
163 14
163 17
163 41
163 53
163 9
163 7
163 31
163 30
163 32
163 32
163 1
164 48
163 44
163 53
163 33
163 28
163 27
163 27
163 27
163 1
163 1
163 1
163 1
163 2
163 2
163 27
163 31
163 39
163 4
163 20
163 32
163 23
163 32
163 36
163 34
163 25
163 33
164 47
163 42
163 48
163 6
163 44
163 1
163 34
163 45
163 47
163 1
163 33
163 46
163 3
163 43
163 27
163 1
163 53
163 2
163 4
163 1
163 13
163 3
163 58
163 4
163 25
163 3
163 3
163 29
163 62
163 4
163 6
163 1
163 3
163 4
163 1
163 55
163 3
163 23
163 22
163 4
163 29
163 1
163 42
163 36
163 28
163 3
163 27
163 27
163 54
163 2
163 1
163 53
163 1
163 1
163 1
163 1
163 2
163 4
163 5
163 14
163 17
163 41
163 53
163 9
163 7
163 31
163 30
163 32
163 32
163 1
164 48
163 44
163 53
163 33
163 28
163 27
163 27
163 27
163 1
163 1
163 1
163 1
163 2
163 2
163 27
163 31
163 39
163 4
163 20
163 32
163 23
163 32
163 36
163 34
163 25
163 33
164 47
163 42
163 48
163 6
163 44
163 1
163 34
163 45
163 47
163 1
163 33
163 46
163 3
163 43
163 27
163 1
163 53
163 2
163 4
163 1
163 13
163 3
163 58
163 4
163 25
163 3
163 3
163 29
163 62
163 4
163 6
163 1
163 3
163 4
163 1
163 55
163 3
163 23
163 22
163 4
163 29
163 1
163 42
163 36
163 28
163 3
163 27
163 27
163 54
163 2
163 1
163 53
163 1
163 1
163 1
163 1
163 2
163 4
163 5
163 14
163 17
163 41
163 53
163 9
163 7
163 31
163 30
163 32
163 32
163 1
164 48
163 44
163 53
163 33
163 28
163 27
163 27
163 27
163 1
163 1
163 1
163 1
163 2
163 2
163 27
163 31
163 39
163 4
163 20
163 32
163 23
163 32
163 36
163 34
163 25
163 33
164 47
160 34
160 39
160 6
160 42
160 1
160 26
160 38
160 1
160 25
160 38
160 3
160 43
160 27
160 1
160 51
160 2
160 4
160 1
160 13
160 3
160 58
160 4
160 23
160 3
160 3
160 62
160 4
160 6
160 1
160 3
160 4
160 1
160 55
160 3
160 21
160 20
160 4
160 28
160 1
160 42
160 36
160 34
160 33
160 27
160 27
160 54
160 2
160 1
160 52
160 1
160 1
160 1
160 1
160 2
160 4
160 5
160 14
160 17
160 41
160 53
160 9
160 7
160 31
160 30
160 32
160 32
160 1
161 48
160 44
160 53
160 3
160 28
160 27
160 27
160 27
160 1
160 1
160 1
160 1
160 2
160 2
160 24
160 31
160 39
160 4
160 18
160 32
160 21
160 24
160 33
161 45
160 34
160 39
160 6
160 42
160 1
160 26
160 38
160 1
160 25
160 38
160 3
160 43
160 27
160 1
160 51
160 2
160 4
160 1
160 13
160 3
160 58
160 4
160 23
160 3
160 3
160 62
160 4
160 6
160 1
160 3
160 4
160 1
160 55
160 3
160 21
160 20
160 4
160 28
160 1
160 42
160 36
160 34
160 33
160 27
160 27
160 54
160 2
160 1
160 52
160 1
160 1
160 1
160 1
160 2
160 4
160 5
160 14
160 17
160 41
160 53
160 9
160 7
160 31
160 30
160 32
160 32
160 1
160 44
160 53
160 3
160 28
160 27
160 27
160 27
160 1
160 1
160 1
160 1
160 2
160 2
160 24
160 31
160 39
161 18
160 4
160 18
160 32
160 21
160 24
160 33
161 45
160 34
160 39
160 6
160 42
160 1
160 26
160 38
160 1
160 25
160 38
160 3
160 43
160 27
160 1
160 51
160 2
160 4
160 1
160 13
160 3
160 58
160 4
160 23
160 3
160 3
160 62
160 4
160 6
160 1
160 3
160 4
160 1
160 55
160 3
160 21
160 20
160 4
160 28
160 1
160 42
160 36
160 34
160 33
160 27
160 27
160 54
160 2
160 1
160 52
160 1
160 1
160 1
160 1
160 2
160 4
160 5
160 14
160 17
160 41
160 53
160 9
160 7
160 31
160 30
160 32
160 32
160 1
160 44
160 53
160 3
160 28
160 27
160 27
160 27
161 55
160 1
160 1
160 1
160 1
160 2
160 2
160 24
160 31
160 39
161 18
160 4
160 18
160 32
160 21
160 24
160 33
182 34
182 39
182 6
182 42
182 1
182 26
182 38
182 1
182 25
182 39
182 29
182 44
182 27
182 1
182 51
182 2
182 4
182 1
182 13
182 3
182 45
182 4
182 23
182 3
182 59
182 4
182 6
182 1
182 3
182 4
182 1
182 46
182 3
182 21
182 29
182 20
182 28
182 28
182 3
182 1
182 37
182 3
182 38
182 30
182 32
182 35
182 27
182 27
182 59
182 2
182 1
182 61
182 1
182 1
182 1
182 1
182 2
182 4
182 5
182 14
182 17
182 38
182 47
182 9
182 27
182 32
182 31
182 26
182 4
182 33
182 30
182 30
182 30
182 1
182 36
182 31
182 26
182 45
182 48
182 3
182 28
182 27
182 27
182 27
183 63
182 1
182 1
182 1
182 1
182 2
182 2
182 24
182 32
182 36
183 18
182 4
182 18
182 33
182 21
182 20
182 7
182 28
182 24
182 28
182 33
182 27
182 34
182 39
182 6
182 42
182 1
182 26
182 38
182 1
182 25
182 39
182 29
182 44
182 27
182 1
182 51
182 2
182 4
182 1
182 13
182 3
182 45
182 4
182 23
182 3
182 59
182 4
182 6
182 1
182 3
182 4
182 1
182 46
182 3
182 21
182 29
182 20
182 28
182 28
182 3
182 1
182 37
182 3
182 38
182 30
182 32
182 35
182 27
182 27
182 59
182 2
182 1
182 61
182 1
182 1
182 1
182 1
182 2
182 4
182 5
182 14
182 17
182 38
182 47
182 9
182 27
182 32
182 31
182 26
182 4
182 33
182 30
182 30
182 30
182 1
182 36
182 31
182 26
182 45
182 48
182 3
182 28
182 27
182 27
182 27
183 63
182 1
182 1
182 1
182 1
182 2
182 2
182 24
182 32
182 36
183 18
182 4
182 18
182 33
182 21
182 20
182 7
182 28
182 24
182 28
182 33
182 27
182 34
182 39
182 6
182 42
182 1
182 26
182 38
182 1
182 25
182 39
182 29
182 44
182 27
182 1
182 51
182 2
182 4
182 1
182 13
182 3
182 45
182 4
182 23
182 3
182 59
182 4
182 6
182 1
182 3
182 4
182 1
182 46
182 3
182 21
182 29
182 20
182 28
182 28
182 3
182 1
182 37
182 3
182 38
182 30
182 32
182 35
182 27
182 27
182 59
182 2
182 1
182 61
182 1
182 1
182 1
182 1
182 2
182 4
182 5
182 14
182 17
182 38
182 47
182 9
182 27
182 32
182 31
182 26
182 4
182 33
182 30
182 30
182 30
182 1
182 36
182 31
182 26
182 45
182 48
182 3
182 28
182 27
182 27
182 27
183 63
182 1
182 1
182 1
182 1
182 2
182 2
182 24
182 32
182 36
183 18
182 4
182 18
182 33
182 21
182 20
182 7
182 28
182 24
182 28
182 33
182 27
182 34
182 39
182 6
182 42
182 1
182 26
182 38
182 1
182 25
182 39
182 29
182 44
182 27
182 1
182 51
182 2
182 4
182 1
182 13
182 3
182 45
182 4
182 23
182 3
182 59
182 4
182 6
182 1
182 3
182 4
182 1
182 46
182 3
182 21
182 29
182 20
182 28
182 28
182 3
182 1
182 37
182 3
182 38
182 30
182 32
182 35
182 27
182 27
182 59
182 2
182 1
182 61
182 1
182 1
182 1
182 1
182 2
182 4
182 5
182 14
182 17
182 38
182 47
182 9
182 27
182 32
182 31
182 26
182 4
182 33
182 30
182 30
182 30
182 1
182 36
182 31
182 26
182 45
182 48
182 3
182 28
182 27
182 27
182 27
183 63
182 1
182 1
182 1
182 1
182 2
182 2
182 24
182 32
182 36
183 18
182 4
182 18
182 33
182 21
182 20
182 7
182 28
182 24
182 28
182 33
182 27
182 34
182 39
182 6
182 42
182 1
182 26
182 38
182 1
182 25
182 39
182 29
182 44
182 27
182 1
182 51
182 2
182 4
182 1
182 13
182 3
182 45
182 4
182 23
182 3
182 59
182 4
182 6
182 1
182 3
182 4
182 1
182 46
182 3
182 21
182 29
182 20
182 28
182 28
182 3
182 1
182 37
182 3
182 38
182 30
182 32
182 35
182 27
182 27
182 59
182 2
182 1
182 61
182 1
182 1
182 1
182 1
182 2
182 4
182 5
182 14
182 17
182 38
182 47
182 9
182 27
182 32
182 31
182 26
182 4
182 33
182 30
182 30
182 30
182 1
182 36
182 31
182 26
182 45
182 48
182 3
182 28
182 27
182 27
182 27
183 63
182 1
182 1
182 1
182 1
182 2
182 2
182 24
182 32
182 36
183 18
182 4
182 18
182 33
182 21
182 20
182 7
182 28
182 24
182 28
182 33
182 27
178 31
178 39
178 6
178 42
178 1
178 26
178 38
178 1
178 25
178 35
178 40
178 27
178 1
178 51
178 2
178 4
178 1
178 13
178 3
178 42
178 4
178 23
178 3
178 54
178 4
178 6
178 1
178 3
178 4
178 1
178 45
178 3
178 21
178 26
178 20
178 24
178 28
178 3
178 1
178 3
178 30
178 35
178 27
178 27
178 58
178 2
178 1
178 61
178 1
178 1
178 1
178 1
178 2
178 4
178 5
178 14
178 17
178 38
178 46
178 9
178 27
178 30
178 31
178 26
178 4
178 33
178 27
178 30
178 27
178 1
178 36
178 42
178 43
178 3
178 28
178 27
178 27
178 27
179 63
178 1
178 1
178 1
178 1
178 2
178 2
178 24
178 31
178 36
179 18
178 4
178 18
178 32
178 21
178 20
178 7
178 28
178 24
178 28
178 33
178 27
202 31
202 39
202 32
202 1
202 26
202 6
202 39
202 1
202 25
202 35
202 40
202 18
202 25
202 6
202 1
202 31
202 2
202 4
202 1
202 13
202 3
202 38
202 4
202 23
202 3
202 50
202 38
202 2
202 1
202 1
202 3
202 4
202 1
202 42
202 3
202 21
202 26
202 20
202 24
202 23
202 3
202 1
202 3
202 24
202 25
202 18
202 18
202 15
202 24
202 24
202 25
203 32
202 32
202 1
202 1
202 1
202 1
202 2
202 4
202 5
202 14
202 17
202 38
202 41
202 9
202 24
202 30
202 31
202 23
202 4
202 33
202 27
202 26
202 27
202 1
202 36
202 42
202 40
202 3
202 24
202 18
202 21
202 19
202 45
202 40
202 31
202 25
202 1
202 1
202 1
202 1
202 2
202 2
202 24
202 31
202 36
203 18
202 4
202 18
202 32
202 21
202 20
202 7
202 28
202 24
202 24
202 24
202 36
202 28
202 24
202 18
202 4
202 17
202 27
202 31
202 39
202 32
202 1
202 26
202 6
202 39
202 1
202 25
202 35
202 40
202 18
202 25
202 6
202 1
202 31
202 2
202 4
202 1
202 13
202 3
202 38
202 4
202 23
202 3
202 50
202 38
202 2
202 1
202 1
202 3
202 4
202 1
202 42
202 3
202 21
202 26
202 20
202 24
202 23
202 3
202 1
202 3
202 24
202 25
202 18
202 18
202 15
202 24
202 24
202 25
203 32
202 32
202 1
202 1
202 1
202 1
202 2
202 4
202 5
202 14
202 17
202 38
202 41
202 9
202 24
202 30
202 31
202 23
202 4
202 33
202 27
202 26
202 27
202 1
202 36
202 42
202 40
202 3
202 24
202 18
202 21
202 19
202 45
202 40
202 31
202 25
202 1
202 1
202 1
202 1
202 2
202 2
202 24
202 31
202 36
203 18
202 4
202 18
202 32
202 21
202 20
202 7
202 28
202 24
202 24
202 24
202 36
202 28
202 24
202 18
202 4
202 17
202 27
202 31
202 39
202 32
202 1
202 26
202 6
202 39
202 1
202 25
202 35
202 40
202 18
202 25
202 6
202 1
202 31
202 2
202 4
202 1
202 13
202 3
202 38
202 4
202 23
202 3
202 50
202 38
202 2
202 1
202 1
202 3
202 4
202 1
202 42
202 3
202 21
202 26
202 20
202 24
202 23
202 3
202 1
202 3
202 24
202 25
202 18
202 18
202 15
202 24
202 24
202 25
203 32
202 32
202 1
202 1
202 1
202 1
202 2
202 4
202 5
202 14
202 17
202 38
202 41
202 9
202 24
202 30
202 31
202 23
202 4
202 33
202 27
202 26
202 27
202 1
202 36
202 42
202 40
202 3
202 24
202 18
202 21
202 19
202 45
202 40
202 31
202 25
202 1
202 1
202 1
202 1
202 2
202 2
202 24
202 31
202 36
203 18
202 4
202 18
202 32
202 21
202 20
202 7
202 28
202 24
202 24
202 24
202 36
202 28
202 24
202 18
202 4
202 17
202 27
202 31
202 39
202 32
202 1
202 26
202 6
202 39
202 1
202 25
202 35
202 40
202 18
202 25
202 6
202 1
202 31
202 2
202 4
202 1
202 13
202 3
202 38
202 4
202 23
202 3
202 50
202 38
202 2
202 1
202 1
202 3
202 4
202 1
202 42
202 3
202 21
202 26
202 20
202 24
202 23
202 3
202 1
202 3
202 24
202 25
202 18
202 18
202 15
202 24
202 24
202 25
203 32
202 32
202 1
202 1
202 1
202 1
202 2
202 4
202 5
202 14
202 17
202 38
202 41
202 9
202 24
202 30
202 31
202 23
202 4
202 33
202 27
202 26
202 27
202 1
202 36
202 42
202 40
202 3
202 24
202 18
202 21
202 19
202 45
202 40
202 31
202 25
202 1
202 1
202 1
202 1
202 2
202 2
202 24
202 31
202 36
203 18
202 4
202 18
202 32
202 21
202 20
202 7
202 28
202 24
202 24
202 24
202 36
202 28
202 24
202 18
202 4
202 17
202 27
202 31
202 39
202 32
202 1
202 26
202 6
202 39
202 1
202 25
202 35
202 40
202 18
202 25
202 6
202 1
202 31
202 2
202 4
202 1
202 13
202 3
202 38
202 4
202 23
202 3
202 50
202 38
202 2
202 1
202 1
202 3
202 4
202 1
202 42
202 3
202 21
202 26
202 20
202 24
202 23
202 3
202 1
202 3
202 24
202 25
202 18
202 18
202 15
202 24
202 24
202 25
203 32
202 32
202 1
202 1
202 1
202 1
202 2
202 4
202 5
202 14
202 17
202 38
202 41
202 9
202 24
202 30
202 31
202 23
202 4
202 33
202 27
202 26
202 27
202 1
202 36
202 42
202 40
202 3
202 24
202 18
202 21
202 19
202 45
202 40
202 31
202 25
202 1
202 1
202 1
202 1
202 2
202 2
202 24
202 31
202 36
203 18
202 4
202 18
202 32
202 21
202 20
202 7
202 28
202 24
202 24
202 24
202 36
202 28
202 24
202 18
202 4
202 17
202 27
200 31
200 39
200 32
200 1
200 26
200 6
200 1
200 25
200 35
200 40
200 18
200 25
200 6
200 1
200 30
200 2
200 4
200 1
200 13
200 3
200 33
200 4
200 23
200 3
200 44
200 38
200 2
200 1
200 1
200 3
200 4
200 1
200 38
200 3
200 21
200 26
200 20
200 24
200 22
200 3
200 1
200 3
200 24
200 25
200 18
200 18
200 25
200 24
200 24
200 24
201 30
200 30
200 1
200 1
200 1
200 1
200 2
200 4
200 5
200 14
200 17
200 38
200 38
200 9
200 22
200 30
200 31
200 21
200 4
200 33
200 27
200 24
200 27
200 1
200 36
200 42
200 38
200 3
200 24
200 18
200 21
200 19
200 45
200 39
200 17
200 1
200 1
200 1
200 1
200 2
200 2
200 24
200 31
200 36
201 18
200 4
200 18
200 32
200 21
200 20
200 7
200 28
200 24
200 22
200 24
200 36
200 28
200 24
200 18
200 4
200 27
200 31
200 39
200 32
200 1
200 26
200 6
200 1
200 25
200 35
200 40
200 18
200 25
200 6
200 1
200 30
200 2
200 4
200 1
200 13
200 3
200 33
200 4
200 23
200 3
200 44
200 38
200 2
200 1
200 1
200 3
200 4
200 1
200 38
200 3
200 21
200 26
200 20
200 24
200 22
200 3
200 1
200 3
200 24
200 25
200 18
200 18
200 25
200 24
200 24
200 24
201 30
201 30
200 30
200 1
200 1
200 1
200 1
200 2
200 4
200 5
200 14
200 17
200 38
200 38
200 9
200 22
200 30
200 31
200 21
200 4
200 33
200 27
200 24
200 27
200 1
200 36
200 42
200 38
200 3
200 24
200 18
200 21
200 19
200 45
200 39
200 17
200 1
200 1
200 1
200 1
200 2
200 2
200 24
200 31
200 36
200 4
200 18
200 32
200 21
200 20
200 7
200 28
200 24
200 22
200 24
200 36
200 28
200 24
200 18
200 4
200 27
200 31
200 39
200 32
200 1
200 26
200 6
200 1
200 25
200 35
200 40
200 18
200 25
200 6
200 1
200 30
200 2
200 4
200 1
200 13
200 3
200 33
200 4
200 23
200 3
200 44
200 38
200 2
200 1
200 1
200 3
200 4
200 1
200 38
200 3
200 21
200 26
200 20
200 24
200 22
200 3
200 1
200 3
200 24
200 25
200 18
200 18
200 25
200 24
200 24
200 24
201 30
200 30
200 1
200 1
200 1
200 1
200 2
200 4
200 5
200 14
200 17
200 38
200 38
200 9
200 22
200 30
200 31
200 21
200 4
200 33
200 27
200 24
200 27
200 1
200 36
200 42
200 38
200 3
200 24
200 18
200 21
200 19
200 45
200 39
200 17
200 1
200 1
200 1
200 1
200 2
200 2
200 24
200 31
200 36
201 20
200 4
200 18
200 32
200 21
200 20
200 7
200 28
200 24
200 22
200 24
200 36
200 28
200 24
200 18
200 4
200 27
200 31
200 39
200 32
200 1
200 26
200 6
200 1
200 25
200 35
200 40
200 18
200 25
200 6
200 1
200 30
200 2
200 4
200 1
200 13
200 3
200 33
200 4
200 23
200 3
200 44
200 38
200 2
200 1
200 1
200 3
200 4
200 1
200 38
200 3
200 21
200 26
200 20
200 24
200 22
200 3
200 1
200 3
200 24
200 25
200 18
200 18
200 25
200 24
200 24
200 24
200 30
200 1
200 1
200 1
200 1
200 2
200 4
200 5
200 14
200 17
200 38
200 38
200 9
200 22
200 30
200 31
200 21
200 4
200 33
200 27
200 24
200 27
200 1
200 36
200 42
200 38
200 3
200 24
200 18
200 21
200 19
200 45
200 39
200 17
200 1
200 1
200 1
201 7
200 1
200 2
200 2
200 24
200 31
200 36
201 20
200 4
200 18
200 32
200 21
200 20
200 7
200 28
200 24
200 22
200 24
200 36
200 28
200 24
200 18
200 4
200 27
200 31
200 39
200 32
200 1
200 26
200 6
200 1
200 25
200 35
200 40
200 18
200 25
200 6
200 1
200 30
200 2
200 4
200 1
200 13
200 3
200 33
200 4
200 23
200 3
200 44
200 38
200 2
200 1
200 1
200 3
200 4
200 1
200 38
200 3
200 21
200 26
200 20
200 24
200 22
200 3
200 1
200 3
200 24
200 25
200 18
200 18
200 25
200 24
200 24
200 24
201 30
200 30
200 1
200 1
200 1
200 1
200 2
200 4
200 5
200 14
200 17
200 38
200 38
200 9
200 22
200 30
200 31
200 21
200 4
200 33
200 27
200 24
200 27
200 1
200 36
200 42
200 38
200 3
200 24
200 18
200 21
200 19
200 45
200 39
200 17
200 1
200 1
200 1
201 7
200 1
200 2
200 2
200 24
200 31
200 36
200 4
200 18
200 32
200 21
200 20
200 7
200 28
200 24
200 22
200 24
200 36
200 28
200 24
200 18
200 4
200 27
5 2
5 1
5 2
5 2
5 2
5 2
5 2
5 1
5 2
5 2
5 2
5 2
5 2
5 1
5 2
5 2
5 2
5 2
5 2
5 1
5 2
5 2
5 2
5 2
